==========================================================
Perf Report
==========================================================

Tile   Instructions       Branches           BranchMisses      
4      37533141826        10072382517        19796650          
8      34529824070        9350803700         17500070          
16     34520352957        9348307130         17295355          
32     34503709929        9343815737         17362122          
64     34519066411        9347916186         17299040          
128    34513900098        9347050781         17293488          
