==========================================================
Perf Report
==========================================================

Tile   Instructions       Branches           BranchMisses      
4      35761073113        9628782230         18972399          
8      35663283622        9606324031         18957530          
16     34838582122        9421282354         17951859          
32     34490068355        9341688977         17584858          
64     34502713688        9345507142         17614892          
128    34507437295        9346442574         17529977          
